queryId,sf,mode,avg_duration,rowCount
1,1,LIN,0.5063541009999994,1478493
2,1,LIN,0.006025952799999956,10
3,1,LIN,0.0022389647999993658,3
4,1,LIN,0.015279749399999787,21188
5,1,LIN,0.009573214199999925,9054
6,1,LIN,0.02687417839999995,114160
7,1,LIN,0.0112697617999995,9012
8,1,LIN,0.011700621200000327,10408
9,1,LIN,0.011365472599999293,6810
10,1,LIN,0.0027267594000008446,4
11,1,LIN,0.04150516979999921,95043
12,1,LIN,0.02162769039999901,31052
13,1,LIN,0.1295794100000009,50005
14,1,LIN,0.060081227000000584,151966
15,1,LIN,0.0528599616000001,225988
16,1,LIN,0.0018740463999996847,2
17,1,LIN,0.04820782719999883,2348
18,1,LIN,0.003310399400000108,28
19,1,LIN,0.0019534955999993995,242
20,1,LIN,0.003712671600001016,5
21,1,LIN,0.004152137599999861,120
22,1,LIN,0.014772621600000946,39008
