queryId,sf,mode,avg_duration,rowCount
1,1,SVH,0.46953663699999987,1478493
2,1,SVH,0.0002611188000006592,10
3,1,SVH,0.00019688719999990666,21
4,1,SVH,0.011132118400000479,21188
5,1,SVH,0.004446748600000205,9054
6,1,SVH,0.0416089417999995,114160
7,1,SVH,0.007586608000000439,9012
8,1,SVH,0.006095475599999745,10408
9,1,SVH,0.005604433799999952,6810
10,1,SVH,0.0002032522000007475,68
11,1,SVH,0.030219250000000385,95046
12,1,SVH,0.015838482800001684,31052
13,1,SVH,0.12364820180000038,50005
14,1,SVH,0.05233783640000027,151966
15,1,SVH,0.08183379080000037,225988
16,1,SVH,0.00020588219999950752,56
17,1,SVH,0.011158195800001635,19883
18,1,SVH,0.00025367340000030935,70
19,1,SVH,0.0005582029999999349,242
20,1,SVH,0.0002621432000005086,5
21,1,SVH,0.0003365418000001341,120
22,1,SVH,0.010762051599999012,39008
