queryId,sf,mode,avg_duration,rowCount
1,10.0,SVH,5.095187952200007,14804077
2,10.0,SVH,0.00021986659999129188,18
3,10.0,SVH,0.0004574772000012217,21
4,10.0,SVH,0.16137266960000146,210428
5,10.0,SVH,0.08798276619999683,88782
6,10.0,SVH,0.3490227884000035,1139264
7,10.0,SVH,0.09850036299999942,86238
8,10.0,SVH,0.08903668740000512,96032
9,10.0,SVH,0.11378234799998381,67998
10,10.0,SVH,0.00026458019997335216,76
12,10.0,SVH,0.28007178959999235,310232
13,10.0,SVH,1.3490287074000094,500021
14,10.0,SVH,0.6613129887999776,1498446
15,10.0,SVH,0.5572827269999834,2265758
16,10.0,SVH,0.0003299353999636878,240
17,10.0,SVH,0.06980923999999504,187390
18,10.0,SVH,0.0015569706000178485,70
19,10.0,SVH,0.0075255069999911935,2268
20,10.0,SVH,0.0005140304000178731,6
21,10.0,SVH,0.0005066478000003372,144
22,10.0,SVH,0.1376851667999972,390801
