queryId,sf,mode,avg_duration,rowCount
1,1,SVH,0.5211608633999998,1478493
2,1,SVH,0.00023098740000015994,10
3,1,SVH,0.0002656175999995014,21
4,1,SVH,0.014345681600000049,21188
5,1,SVH,0.006676928199999566,9054
6,1,SVH,0.026264941399999842,114160
7,1,SVH,0.008087701799999892,9012
8,1,SVH,0.006300912599999364,10408
9,1,SVH,0.00830950140000084,6810
10,1,SVH,0.0002981961999992677,68
11,1,SVH,0.039722090200000795,95046
12,1,SVH,0.018853129400000057,31052
13,1,SVH,0.12238107060000018,50005
14,1,SVH,0.0643084839999993,151966
15,1,SVH,0.052321634399999796,225988
16,1,SVH,0.0003120070000001363,56
17,1,SVH,0.010580653799999595,19883
18,1,SVH,0.0002213374000000101,70
19,1,SVH,0.0006613598000001275,242
20,1,SVH,0.0003079539999994552,5
21,1,SVH,0.00027154300000020726,120
22,1,SVH,0.07415632479999915,33851448
