queryId,sf,mode,avg_duration,rowCount
1,10.0,SVH,4.886680822199997,14804077
2,10.0,SVH,0.00019096000000331514,18
3,10.0,SVH,0.0006568035999919176,21
4,10.0,SVH,0.19050364740000986,210428
5,10.0,SVH,0.06842213759999823,88782
6,10.0,SVH,0.4096874581999998,1139264
7,10.0,SVH,0.09381087139999522,86238
8,10.0,SVH,0.0659878759999856,96032
9,10.0,SVH,0.12539219199999252,67998
10,10.0,SVH,0.0011760010000102738,76
12,10.0,SVH,0.2875562287999969,310232
13,10.0,SVH,1.559755078800015,500021
14,10.0,SVH,0.8763202259999844,1498446
15,10.0,SVH,0.8966460005999807,2265758
16,10.0,SVH,0.00042737799999486014,240
17,10.0,SVH,0.1241615204000027,187390
18,10.0,SVH,0.0011761995999904685,70
19,10.0,SVH,0.00491600099999232,2268
20,10.0,SVH,0.0021915742000146567,6
21,10.0,SVH,0.0006930373999921357,144
22,10.0,SVH,0.1512314243999981,390801
