queryId,sf,mode,avg_duration,rowCount
1,1.0,SVH,0.43399461760000013,1478493
2,1.0,SVH,0.00018865859999976918,10
3,1.0,SVH,0.00020774580000022526,21
4,1.0,SVH,0.011101581399999816,21188
5,1.0,SVH,0.004693062600000175,9054
6,1.0,SVH,0.031201170000001,114160
7,1.0,SVH,0.005247371400000489,9012
8,1.0,SVH,0.0048676088000000565,10408
9,1.0,SVH,0.006105312799999751,6810
10,1.0,SVH,0.00020502280000016525,68
11,1.0,SVH,0.029604471799999744,95046
12,1.0,SVH,0.015602779199999616,31052
13,1.0,SVH,0.12493257140000011,50005
14,1.0,SVH,0.05353890860000021,151966
15,1.0,SVH,0.054705795800000345,225988
16,1.0,SVH,0.0002099042000011764,56
17,1.0,SVH,0.008067778600000252,19883
18,1.0,SVH,0.00022224719999996978,70
19,1.0,SVH,0.0005662872000009144,242
20,1.0,SVH,0.0002748768000003565,5
21,1.0,SVH,0.00028290919999918174,120
22,1.0,SVH,0.011360549599999815,39008
