queryId,sf,mode,avg_duration,rowCount
1,10.0,SVH,3.6850724450000003,14804077
2,10.0,SVH,0.0001944276000017453,18
3,10.0,SVH,0.00032125599999517364,21
4,10.0,SVH,0.150909551400008,210428
5,10.0,SVH,0.06267529639999907,88782
6,10.0,SVH,0.09914562079999314,1139264
7,10.0,SVH,0.09669946540000182,86238
8,10.0,SVH,0.07309937600000467,96032
9,10.0,SVH,0.10933140099999719,67998
10,10.0,SVH,0.0002602858000045671,76
12,10.0,SVH,0.26089127860001327,310232
13,10.0,SVH,0.5692909344000213,500021
14,10.0,SVH,0.7128208037999911,1498446
15,10.0,SVH,0.25579994680000484,2265758
16,10.0,SVH,0.0003159213999992971,240
17,10.0,SVH,0.11901488920000247,187390
18,10.0,SVH,0.0005662792000521222,70
19,10.0,SVH,0.0061811132000002544,2268
20,10.0,SVH,0.00018332040003770088,6
21,10.0,SVH,0.0006960712000136482,144
22,10.0,SVH,0.056011882600023453,390801
