queryId,sf,mode,avg_duration,rowCount
1,10.0,SVH,5.894299324000005,14804077
2,10.0,SVH,0.0002718565999998646,18
3,10.0,SVH,0.000294208399998297,21
4,10.0,SVH,0.21963665300000343,210428
5,10.0,SVH,0.07649166119999791,88782
6,10.0,SVH,0.2583090088000006,1139264
7,10.0,SVH,0.11311213539999584,86238
8,10.0,SVH,0.10300680100000363,96032
9,10.0,SVH,0.11614659179999762,67998
10,10.0,SVH,0.00042983820000017656,76
12,10.0,SVH,0.314912674000027,310232
13,10.0,SVH,1.330270424999992,500021
14,10.0,SVH,0.9510179940000058,1498446
15,10.0,SVH,0.5532815737999954,2265758
16,10.0,SVH,0.0004342570000062551,240
17,10.0,SVH,0.12790433100001336,187390
18,10.0,SVH,0.0004591790000176843,70
19,10.0,SVH,0.0055108911999923295,2268
20,10.0,SVH,0.00024202040001455316,6
21,10.0,SVH,0.0008887340000001132,144
22,10.0,SVH,10.939079571599995,3445537425
