queryId,sf,mode,avg_duration,rowCount
1,1,SVH,0.29605476799999975,1478493
2,1,SVH,0.00019784600000001263,10
3,1,SVH,0.00020160600000025398,21
4,1,SVH,0.008227883600000041,21188
5,1,SVH,0.00373102399999965,9054
6,1,SVH,0.00808552380000016,114160
7,1,SVH,0.004594607999999667,9012
8,1,SVH,0.004480599999999768,10408
9,1,SVH,0.004872481599999645,6810
10,1,SVH,0.00019639840000067464,68
11,1,SVH,0.023672066399999636,95046
12,1,SVH,0.012721660800000478,31052
13,1,SVH,0.03966590240000016,50005
14,1,SVH,0.037540634000000496,151966
15,1,SVH,0.024312582200001032,225988
16,1,SVH,0.0002134114000000409,56
17,1,SVH,0.008294312600000353,19883
18,1,SVH,0.0002046657999997592,70
19,1,SVH,0.00034755020000076797,242
20,1,SVH,0.0002800371999995832,5
21,1,SVH,0.0002714757999996209,120
22,1,SVH,0.006046370800000034,39008
