queryId,sf,mode,avg_duration,rowCount
1,1,SVH,0.6224959633999998,1478493
2,1,SVH,0.005565211999999775,10
3,1,SVH,0.002415408600000646,3
4,1,SVH,0.016071102200000097,21188
5,1,SVH,0.010699772200000268,9054
6,1,SVH,0.03485731820000062,114160
7,1,SVH,0.01075070980000028,9012
8,1,SVH,0.01100879180000014,10408
9,1,SVH,0.01142140879999971,6810
10,1,SVH,0.0030161003999992888,4
11,1,SVH,0.04274407780000047,95043
12,1,SVH,0.022389689799999956,31052
13,1,SVH,0.12554778980000023,50005
14,1,SVH,0.06577781320000113,151966
15,1,SVH,0.07008494459999852,225988
16,1,SVH,0.0018324462000002483,2
17,1,SVH,0.02444798680000062,2348
18,1,SVH,0.0031366587999983155,28
19,1,SVH,0.0033729060000005973,242
20,1,SVH,0.004646547000000112,5
21,1,SVH,0.004551262000001088,120
22,1,SVH,0.0177949672000004,39008
